Friendship:		0.5083216216216219
Proximity: 		0.46644054054054057
Transmission:	0.497627027027027
Interest:		0.46106756756756767